1,2,6
2,6,7,9
3,4,9,13
4,2,3,7,8,9
5,6,7,8,22
6,1,2,7,8,5
7,2,4,5,6,8,9
8,4,5,6,7
9,2,3,4,7
10,11,12
11,10,12,13,18
12,10,11,13
13,11,12,3
14,15,18,19
15,14,16,17
16,15,18,24,26
17,15,19
18,14,16,11,26,24
19,14,15,17
20,21,22,23,26
21,20,23,5
22,20,23,24,25,26
23,20,21,22,25
24,22,25,26,16,18
25,24,23,22,27,37,33
26,20,22,24,18
27,28,29,33,36,37,25
28,27,29,38,39,34,35
29,27,28,33,35
30,32,34,36,38
31,32,34
32,30,31,34,38
33,27,29,16,25
34,28,30,32,36,38
35,28,29,40
36,27,28,30,34,37,38
37,27,36,25
38,30,32,36
39,41,42
40,41,42,35
41,39,40,42
42,39,40,41